ID,бизнес,культура,медиа,наука_и_техника,общество_и_путешествия,политика,происшествия,силовые_структуры,спорт,экономика_и_финансы
0,0.008014796547472256,0.07829839704069051,0.035758323057953144,0.03945745992601726,0.45499383477188654,0.17694204685573367,0.0018495684340320592,0.016646115906288533,0.047472256473489516,0.1405672009864365
1,0.011892963330029732,0.08952758506772382,0.03402708952758507,0.035678889990089196,0.42120911793855303,0.1962338949454906,0.0003303600925008259,0.013875123885034688,0.04162537165510406,0.155599603567889
2,0.007081545064377683,0.08068669527896996,0.03454935622317597,0.0296137339055794,0.41630901287553645,0.1781115879828326,0.00042918454935622315,0.015450643776824034,0.05,0.18776824034334763
3,0.013291139240506329,0.09092827004219409,0.03143459915611815,0.03270042194092827,0.41877637130801687,0.16540084388185655,0.0006329113924050633,0.01729957805907173,0.04113924050632911,0.18839662447257383
4,0.008751727314601566,0.12275449101796407,0.029940119760479042,0.033855366190695534,0.4203132197144173,0.1510824504836481,0.00046061722708429296,0.021879318286503916,0.04283740211883925,0.16812528788576692
5,0.010712724092697858,0.1364232619151727,0.036073458679492784,0.025579361609094884,0.4090511587232182,0.1554438128552689,0.00043725404459991256,0.022955837341495408,0.043506777437691296,0.15981635330126803
6,0.007832345469940728,0.11536833192209991,0.03450465707027942,0.026248941574936496,0.43416596104995764,0.16215071972904319,0.0010584250635055038,0.016088060965283656,0.05249788314987299,0.15008467400508044
7,0.011477151965993623,0.13219978746014877,0.036556854410201914,0.025929861849096705,0.4318809776833156,0.1538788522848034,0.0004250797024442083,0.018278427205100957,0.04399574920297556,0.14537725823591924
8,0.008437905668541757,0.10428385980095196,0.03440069234097793,0.0298572046733016,0.42124621376027693,0.18238857637386413,0.00021635655560363478,0.03072263089571614,0.05365642578970143,0.13479013414106447
9,0.005098789037603569,0.09018483110261313,0.042702358189929894,0.02517527087316762,0.434353091140854,0.20331421287444232,0.0006373486297004461,0.020076481835564052,0.061822817080943275,0.11663479923518165
10,0.004571428571428572,0.10971428571428571,0.04857142857142857,0.027428571428571427,0.384,0.21657142857142858,0.0,0.02457142857142857,0.05542857142857143,0.12914285714285714
11,0.005904059040590406,0.09667896678966789,0.033210332103321034,0.042804428044280446,0.4014760147601476,0.2066420664206642,0.0007380073800738007,0.016236162361623615,0.05904059040590406,0.13726937269372694
12,0.005909389363099146,0.1057124097176625,0.038739330269205514,0.03545633617859488,0.43335521996060405,0.1680892974392646,0.0006565988181221273,0.02298095863427446,0.05778069599474721,0.1313197636244255
13,0.009885204081632654,0.09821428571428571,0.03316326530612245,0.0392219387755102,0.45216836734693877,0.1642219387755102,0.0012755102040816326,0.01721938775510204,0.041135204081632654,0.1434948979591837
14,0.00536135535063264,0.11044392022303239,0.03216813210379584,0.03238258631782114,0.4321252412609908,0.15848166416470083,0.001072271070126528,0.016941882907999143,0.0420330259489599,0.16898992065194082
15,0.007837322601143825,0.10739250158864648,0.02965473416649015,0.03346748570218174,0.4446091929675916,0.1499682270705359,0.00021181952976064393,0.01779284049989409,0.049353950434230034,0.15971192543952553
16,0.007242990654205608,0.1261682242990654,0.02897196261682243,0.037149532710280375,0.4247663551401869,0.1483644859813084,0.0009345794392523365,0.017757009345794394,0.04579439252336449,0.16285046728971964
17,0.012699802934092402,0.13488066564484344,0.027808189183271294,0.03656667396540399,0.40617473177140356,0.16531640026275454,0.0004379242391066346,0.014670462010072258,0.03744252244361725,0.16400262754543463
18,0.005902192242833052,0.11909780775716695,0.03309443507588533,0.03288364249578415,0.42242833052276557,0.163575042158516,0.0,0.016020236087689713,0.04995784148397976,0.15704047217537942
19,0.00594732370433305,0.12128292268479185,0.034409515717926935,0.032497875955819884,0.401231945624469,0.18372982158028886,0.0004248088360237893,0.017417162276975363,0.04864061172472387,0.1544180118946474
20,0.006454388984509466,0.11316695352839931,0.034853700516351116,0.03248709122203098,0.4113597246127367,0.19944061962134252,0.0010757314974182443,0.018502581755593803,0.0572289156626506,0.1254302925989673
21,0.005143721633888048,0.09863842662632376,0.03540090771558245,0.032677760968229955,0.41603630862329805,0.20998487140695915,0.0,0.016944024205748864,0.07534039334341906,0.10983358547655069
22,0.0022471910112359553,0.09831460674157304,0.046067415730337076,0.03089887640449438,0.40561797752808987,0.21179775280898877,0.0,0.014044943820224719,0.06910112359550562,0.12191011235955056
23,0.008415147265077139,0.091164095371669,0.03295932678821879,0.028050490883590462,0.4123422159887798,0.20336605890603085,0.0007012622720897616,0.0182328190743338,0.0694249649368864,0.135343618513324
24,0.008524590163934427,0.07737704918032787,0.03475409836065574,0.032131147540983604,0.4852459016393443,0.17508196721311475,0.0019672131147540984,0.017704918032786884,0.0419672131147541,0.12524590163934426
25,0.008392077878482713,0.08895602551191675,0.036589459550184625,0.03491104397448808,0.4350453172205438,0.17623363544813697,0.0,0.021483719368915744,0.042631755622692176,0.15575696542463915
26,0.006998939554612937,0.07126193001060445,0.0352067868504772,0.024602332979851538,0.43414634146341463,0.16861081654294804,0.0010604453870625664,0.019936373276776245,0.04984093319194061,0.18833510074231177
27,0.00946372239747634,0.09610935856992639,0.026498422712933754,0.029863301787592007,0.45320715036803366,0.15856992639327025,0.0004206098843322818,0.019558359621451103,0.045425867507886436,0.1608832807570978
28,0.008899297423887589,0.12388758782201405,0.03278688524590164,0.03302107728337236,0.41873536299765807,0.15644028103044497,0.000468384074941452,0.018032786885245903,0.04941451990632319,0.15831381733021077
29,0.008298755186721992,0.11705612579165757,0.02882725485913955,0.03210307927495086,0.41471937104171214,0.16226250272985368,0.00021838829438742082,0.019654946494867875,0.04476960034942127,0.17208997597728762
30,0.00940832113736149,0.10453690152623876,0.029270332427346852,0.030524775245661717,0.44344553627430483,0.15199665481915117,0.0006272214091574326,0.019025716077775454,0.04035124398912816,0.17081329709387413
31,0.011854360711261643,0.12404741744284505,0.03704487722269263,0.02286198137171888,0.4189246401354784,0.16172734970364097,0.000846740050804403,0.014394580863674851,0.04360711261642676,0.1646909398814564
32,0.006798245614035088,0.09758771929824561,0.03706140350877193,0.03070175438596491,0.41973684210526313,0.19144736842105264,0.0004385964912280702,0.016228070175438595,0.06491228070175438,0.13508771929824562
33,0.0035714285714285713,0.08928571428571429,0.039285714285714285,0.024350649350649352,0.45357142857142857,0.17694805194805194,0.000974025974025974,0.01753246753246753,0.08603896103896104,0.10844155844155844
34,0.004915346805024577,0.10267613326051338,0.033315128345166575,0.03222282905516111,0.4139814309120699,0.19770617149098854,0.0005461496450027307,0.02239213544511196,0.07318405243036592,0.1190606226105953
35,0.00873015873015873,0.10793650793650794,0.03492063492063492,0.04126984126984127,0.4261904761904762,0.17142857142857143,0.0007936507936507937,0.02142857142857143,0.07380952380952381,0.11349206349206349
36,0.012084592145015106,0.09063444108761329,0.028700906344410877,0.026435045317220542,0.46827794561933533,0.15030211480362538,0.004531722054380665,0.0256797583081571,0.04833836858006042,0.14501510574018128
37,0.014660756904193658,0.09751108080463688,0.03511762700306853,0.028639618138424822,0.4722127514490283,0.14047050801227412,0.0006818956699624957,0.01909307875894988,0.04125468803273099,0.15035799522673032
38,0.0097997443544951,0.09224541968470387,0.02876011930123562,0.028973157221985513,0.4465274818917767,0.1574350234341713,0.00042607584149978694,0.019812526629740094,0.04282062207072859,0.1731998295696634
39,0.011469838572642312,0.10004248088360237,0.03462192013593883,0.027187765505522515,0.4439252336448598,0.15505522514868308,0.0004248088360237893,0.018054375531011045,0.041631265930331354,0.16758708581138487
40,0.010387157695939566,0.12913125590179414,0.024551463644948063,0.03186968838526912,0.4398016997167139,0.1421152030217186,0.000708215297450425,0.018413597733711047,0.05571293673276676,0.14730878186968838
41,0.009353926473787253,0.12899717206874048,0.02632151403088971,0.03284750924515989,0.42680008701326955,0.17641940395910377,0.00043506634761801175,0.013269523602349358,0.04916249728083533,0.13639329997824667
42,0.011409254172829073,0.138178744982041,0.03148109021762096,0.027044158039298542,0.4405239805620114,0.1436720895837735,0.001267694908092119,0.01521233889710543,0.04183393196703993,0.14937671667018804
43,0.013779944880220479,0.14331142675429298,0.025227899088403647,0.032647869408522365,0.40852236591053637,0.16578333686665253,0.0006359974560101759,0.017171931312274753,0.04812380750476998,0.14479542081831673
44,0.0035587188612099642,0.12930011862396204,0.03440094899169632,0.03226571767497034,0.4111506524317912,0.20118623962040333,0.00023724792408066428,0.0199288256227758,0.05124555160142349,0.11672597864768683
45,0.0023237800154918666,0.10379550735863671,0.03640588690937258,0.03989155693261038,0.4643687064291247,0.1665375677769171,0.0,0.016266460108443067,0.06158017041053447,0.10883036405886909
46,0.005148005148005148,0.09974259974259975,0.04247104247104247,0.02574002574002574,0.43822393822393824,0.1718146718146718,0.0,0.01673101673101673,0.06885456885456885,0.13127413127413126
47,0.00585480093676815,0.08313817330210772,0.03395784543325527,0.02576112412177986,0.4637002341920375,0.15339578454332553,0.00117096018735363,0.01756440281030445,0.06323185011709602,0.1522248243559719
48,0.0,0.07974683544303797,0.030379746835443037,0.02531645569620253,0.48860759493670886,0.17974683544303796,0.0012658227848101266,0.017721518987341773,0.049367088607594936,0.12784810126582277
49,0.003878975950349108,0.07059736229635376,0.04809930178432894,0.04344453064391001,0.49495733126454616,0.1474010861132661,0.0007757951900698216,0.022498060512024826,0.04965089216446858,0.1186966640806827
50,0.004647560030983733,0.09333849728892331,0.03601859024012394,0.037955073586367155,0.44500387296669247,0.1680867544539117,0.0011618900077459333,0.024786986831913247,0.051897753679318356,0.13710302091402013
51,0.0032232070910556,0.09615901154982541,0.042170292774644104,0.037604082728982004,0.4399677679290894,0.17969379532634971,0.0010744023636852001,0.016384636046199302,0.06365834004834811,0.1200644641418211
52,0.004334216229231881,0.09848302431976884,0.03732241752949675,0.03202504213821334,0.4298097760654948,0.18829761618107393,0.000963159162051529,0.020948711774620755,0.07223693715386467,0.11557909944618348
53,0.00592478104070067,0.10329726944873777,0.04301906233900051,0.032715095311695,0.41653786707882534,0.20453374549201442,0.001287995878413189,0.02009273570324575,0.05409582689335394,0.1184956208140134
54,0.0024923843810578787,0.10966491276654666,0.03461644973691498,0.0321240653558571,0.4223206867903628,0.19717529770146774,0.0013846579894765993,0.026585433397950706,0.07283301024646913,0.10080310163389643
55,0.0010582010582010583,0.1054673721340388,0.03738977072310406,0.014462081128747795,0.4426807760141093,0.20141093474426808,0.0010582010582010583,0.020458553791887126,0.08641975308641975,0.08959435626102293
56,0.0019440124416796269,0.09720062208398134,0.0322706065318818,0.021384136858475893,0.42457231726283046,0.18312597200622083,0.0,0.019440124416796267,0.12325038880248834,0.09681181959564542
57,0.002122015915119363,0.09283819628647215,0.04297082228116711,0.021220159151193633,0.39840848806366047,0.20477453580901855,0.0,0.021220159151193633,0.1336870026525199,0.08275862068965517
58,0.004251700680272109,0.10119047619047619,0.0391156462585034,0.01445578231292517,0.4217687074829932,0.17261904761904762,0.002551020408163265,0.031462585034013606,0.10799319727891156,0.10459183673469388
59,0.0015060240963855422,0.0963855421686747,0.04216867469879518,0.02108433734939759,0.4036144578313253,0.2063253012048193,0.0015060240963855422,0.024096385542168676,0.07530120481927711,0.1280120481927711
60,0.005415162454873646,0.09205776173285199,0.02527075812274368,0.02527075812274368,0.42057761732851984,0.18050541516245489,0.007220216606498195,0.07942238267148015,0.061371841155234655,0.10288808664259928
61,0.001001001001001001,0.11711711711711711,0.035035035035035036,0.03003003003003003,0.4014014014014014,0.2132132132132132,0.005005005005005005,0.024024024024024024,0.04804804804804805,0.12512512512512514
62,0.0009372071227741331,0.08997188378631678,0.03936269915651359,0.02858481724461106,0.4217432052483599,0.20243673851921273,0.0014058106841611997,0.026710402999062792,0.07403936269915651,0.1148078725398313
63,0.0018756698821007502,0.1120042872454448,0.03885316184351554,0.02491961414790997,0.4303322615219721,0.1832797427652733,0.0005359056806002144,0.029206859592711683,0.06484458735262594,0.11414790996784566
64,0.003607103218645949,0.10710321864594895,0.04273029966703663,0.0330188679245283,0.43479467258601556,0.17896781354051056,0.001664816870144284,0.020810210876803552,0.06548279689234185,0.11182019977802442
65,0.0020431990659661413,0.09573847051955633,0.04611792177466433,0.024518388791593695,0.4352014010507881,0.20665499124343256,0.0008756567425569177,0.025394045534150613,0.06509048453006422,0.09836544074722708
66,0.0028213166144200625,0.11003134796238244,0.049529780564263326,0.0225705329153605,0.4031347962382445,0.21912225705329152,0.0,0.02413793103448276,0.07178683385579937,0.09686520376175549
67,0.0021889821233126595,0.09813936519518424,0.05800802626778548,0.018241517694272163,0.4038672017511857,0.2116016052535571,0.0010944910616563297,0.02334914264866837,0.1087194454578621,0.07479022254651586
68,0.0008378718056137411,0.0795978215333054,0.04901550062840385,0.024717218265605363,0.414327607875995,0.1977377461248429,0.0020946795140343527,0.020108923334729786,0.13196480938416422,0.0795978215333054
69,0.0004940711462450593,0.08053359683794467,0.04891304347826087,0.016304347826086956,0.40711462450592883,0.19713438735177866,0.0004940711462450593,0.019268774703557312,0.14525691699604742,0.08448616600790514
70,0.005271084337349397,0.0858433734939759,0.05572289156626506,0.02033132530120482,0.3704819277108434,0.19578313253012047,0.0015060240963855422,0.02635542168674699,0.10993975903614457,0.12876506024096385
71,0.0037002775208140612,0.07955596669750231,0.034227567067530065,0.02960222016651249,0.38575393154486587,0.2127659574468085,0.0018501387604070306,0.027752081406105456,0.06290471785383904,0.16188714153561518
72,0.013688760806916427,0.07204610951008646,0.06051873198847262,0.028097982708933718,0.4185878962536023,0.1786743515850144,0.00792507204610951,0.027377521613832854,0.053314121037463975,0.13976945244956773
73,0.012261089073205915,0.07428777497295348,0.04688063469166967,0.03714388748647674,0.45293905517490085,0.16227912008654885,0.0018031013342949874,0.02127659574468085,0.04543815362423368,0.14569058781103497
74,0.008496176720475786,0.0875106202209006,0.041631265930331354,0.02931180968564146,0.41418861512319455,0.17672047578589634,0.000637213254035684,0.024851316907391674,0.05118946474086661,0.16546304163126593
75,0.008926673751328374,0.10456960680127524,0.0461211477151966,0.029968119022316685,0.4199787460148778,0.15791710945802337,0.0006376195536663124,0.013390010626992561,0.05589798087141339,0.16259298618490967
76,0.013019643672910005,0.13430790315212426,0.038145271813613525,0.027866605756052994,0.4013248058474189,0.163544997715852,0.0011420740063956144,0.0189584285061672,0.053449063499314754,0.14824120603015076
77,0.010830324909747292,0.12184115523465704,0.043998194945848376,0.0315884476534296,0.4004963898916967,0.15342960288808663,0.0009025270758122744,0.018727436823104692,0.05708483754512635,0.161101083032491
78,0.008834665544804375,0.11632309633992427,0.04354228018510728,0.02902818679007152,0.41018090029448884,0.16491375683634835,0.0016827934371055953,0.016827934371055953,0.04648716870004207,0.16217921750105174
79,0.009333899024183284,0.12367416207042851,0.034789987271955876,0.029910903691132796,0.42617734408145946,0.16334323292320746,0.002333474756045821,0.02184980907933814,0.047730165464573614,0.14085702163767502
80,0.007958801498127341,0.11329588014981273,0.04588014981273408,0.029260299625468163,0.4173689138576779,0.17368913857677903,0.0011704119850187266,0.018960674157303372,0.057818352059925096,0.13459737827715357
81,0.004507888805409466,0.0912847483095417,0.06048084147257701,0.04282494365138993,0.4015777610818933,0.17054845980465816,0.0015026296018031556,0.0236664162283997,0.07663410969196092,0.12697220135236664
82,0.00398406374501992,0.09229747675962816,0.05843293492695883,0.035856573705179286,0.40239043824701193,0.17197875166002657,0.00796812749003984,0.024568393094289508,0.07436918990703852,0.12815405046480743
83,0.006166495375128468,0.08633093525179857,0.0565262076053443,0.03699897225077081,0.434737923946557,0.15416238437821173,0.003083247687564234,0.030832476875642344,0.05447070914696814,0.1366906474820144
84,0.013605442176870748,0.09013605442176871,0.03231292517006803,0.026360544217687076,0.46343537414965985,0.14710884353741496,0.00510204081632653,0.021258503401360544,0.05102040816326531,0.14965986394557823
85,0.00964630225080386,0.08882636655948553,0.04139871382636656,0.043810289389067524,0.4320739549839228,0.16237942122186494,0.0044212218649517685,0.022909967845659164,0.034967845659163985,0.15956591639871381
86,0.005526036131774708,0.09479277364505845,0.043783209351753456,0.03294367693942614,0.41339001062699254,0.155154091392136,0.001487778958554729,0.0257173219978746,0.04484590860786397,0.18235919234856535
87,0.009609224855861628,0.11402946828955797,0.036728592782404444,0.03651505445227418,0.4159726670937433,0.1507580610719624,0.001708306641042067,0.016655989750160152,0.04911381592995943,0.16890881913303438
88,0.01127554615926709,0.12144702842377261,0.029128494244773314,0.040169133192389,0.4202490016443505,0.15950199671129903,0.0009396288466055908,0.01644350481559784,0.05191449377495889,0.14893117218698615
89,0.009958865555315003,0.11928988958649059,0.030309590820523924,0.03637150898462871,0.4169733708594934,0.1591253518077506,0.0006494912318683698,0.018185754492314354,0.044165403767049145,0.16497077289456594
90,0.010608953957139827,0.12327604498196477,0.034585189900275835,0.034585189900275835,0.4114152344578825,0.16974326331423722,0.0002121790791427965,0.01633778909399533,0.04519414385741566,0.15404201145767027
91,0.01006423982869379,0.10406852248394004,0.026124197002141327,0.034903640256959315,0.41520342612419703,0.18436830835117773,0.0029978586723768737,0.019271948608137045,0.05139186295503212,0.15160599571734476
92,0.004541522491349481,0.0921280276816609,0.04736159169550173,0.035899653979238756,0.4100346020761246,0.17949826989619377,0.002378892733564014,0.03546712802768166,0.05125432525951557,0.14143598615916955
93,0.0030292830696735107,0.06765398855604174,0.06193200942443622,0.03433187478963312,0.42308986873106696,0.19320094244362168,0.002019522046449007,0.017502524402558062,0.07001009761023225,0.12722988892628745
94,0.0035714285714285713,0.07559523809523809,0.07916666666666666,0.033928571428571426,0.381547619047619,0.16488095238095238,0.006547619047619048,0.025595238095238095,0.09107142857142857,0.1380952380952381
95,0.010842368640533779,0.07673060884070058,0.05421184320266889,0.02585487906588824,0.38365304420350294,0.20600500417014178,0.005838198498748957,0.006672226855713094,0.06505421184320268,0.1651376146788991
96,0.004834254143646409,0.0787292817679558,0.03522099447513812,0.028314917127071824,0.43646408839779005,0.19406077348066297,0.0020718232044198894,0.014502762430939226,0.03798342541436464,0.16781767955801105
97,0.007273986837547627,0.09005888465535157,0.038794596466920676,0.03636993418773814,0.44094215448562524,0.16383789400762036,0.0024246622791825423,0.008659508139937652,0.03533079321094562,0.17630758572913058
98,0.005141388174807198,0.09061696658097686,0.04541559554413025,0.03470437017994859,0.4023136246786632,0.16602399314481578,0.0021422450728363325,0.013924592973436161,0.05269922879177378,0.1870179948586118
99,0.009096816114359974,0.08468702620749405,0.03205544726012562,0.03313840155945419,0.4390296729478016,0.1663417803768681,0.002599090318388564,0.01299545159194282,0.04548408057179987,0.17457223305176522
100,0.011243689765947683,0.11977971546581001,0.030977512620468106,0.03441945846718678,0.4132629646626893,0.15190454336851766,0.0002294630564479119,0.013079394217530977,0.051858650757228085,0.17324460761817348
101,0.008206330597889801,0.12168815943728019,0.030246189917936695,0.03376318874560375,0.41617819460726846,0.15146541617819462,0.0007033997655334115,0.01805392731535756,0.044314185228604926,0.1753810082063306
102,0.005683014102294254,0.10166280782993053,0.0500947169017049,0.027783624500105242,0.41107135339928436,0.1629130709324353,0.0018943380340980846,0.018943380340980847,0.04588507682593138,0.1740686171332351
103,0.008697496817988969,0.11582520152736529,0.04263894781501909,0.028850233347475603,0.4306321595248197,0.16822231650403055,0.002333474756045821,0.013576580398812049,0.04560882477725923,0.14361476453118371
104,0.004785729823798129,0.09136393299978246,0.03806830541657603,0.03067217750706983,0.4185338264085273,0.18794866217098108,0.001740265390472047,0.01370458994996737,0.07330867957363497,0.13987383075919077
105,0.003465003465003465,0.08073458073458073,0.04054054054054054,0.029452529452529453,0.439015939015939,0.18572418572418573,0.0010395010395010396,0.01386001386001386,0.09598059598059598,0.1101871101871102
106,0.0035231943628890195,0.07985907222548444,0.05343511450381679,0.03288314738696418,0.3992953611274222,0.18555490311215503,0.009395184967704051,0.019377568995889608,0.09571344685848503,0.12096300645918967
107,0.006914433880726016,0.08297320656871218,0.04148660328435609,0.033707865168539325,0.4079515989628349,0.19533275713050993,0.003457216940363008,0.032843560933448576,0.06222990492653414,0.1331028522039758
108,0.01288135593220339,0.06915254237288136,0.04067796610169491,0.03796610169491525,0.4535593220338983,0.17966101694915254,0.0047457627118644066,0.023728813559322035,0.04610169491525424,0.13152542372881357
109,0.007106598984771574,0.08020304568527918,0.04094754653130288,0.048054145516074454,0.4135363790186125,0.17800338409475466,0.0040609137055837565,0.025380710659898477,0.0416243654822335,0.161082910321489
110,0.00533731853116994,0.0796327924850555,0.03437233134073441,0.035439795046968404,0.42058070025619126,0.15990606319385142,0.004269854824935952,0.02497865072587532,0.053800170794193,0.18168232280102475
111,0.008303172237598468,0.09687034277198212,0.032148179689163295,0.04300617415371514,0.4185650415158612,0.15350223546944858,0.00234192037470726,0.024057909303810944,0.050457738982329144,0.17074728550138385
112,0.009611277231952157,0.10636480136693721,0.03630926954293037,0.04186245194361384,0.4243912857753097,0.15399401964972234,0.00042716787697565144,0.021785561725758223,0.045493378897906875,0.15976078598889362
113,0.008271474019088017,0.10858960763520678,0.02863202545068929,0.034782608695652174,0.4492046659597031,0.14973488865323437,0.00021208907741251324,0.015482502651113467,0.04390243902439024,0.16118769883351008
114,0.01076007326007326,0.13644688644688643,0.03708791208791209,0.0347985347985348,0.41552197802197804,0.15293040293040294,0.0004578754578754579,0.016483516483516484,0.04006410256410257,0.15544871794871795
115,0.00827250608272506,0.12968369829683699,0.04184914841849149,0.04063260340632603,0.3924574209245742,0.1686131386861314,0.0009732360097323601,0.02141119221411192,0.049878345498783457,0.1462287104622871
116,0.005592841163310962,0.09955257270693513,0.036241610738255034,0.03870246085011186,0.4342281879194631,0.18076062639821028,0.0008948545861297539,0.019910514541387026,0.05413870246085011,0.12997762863534676
117,0.00355998576005696,0.08437166251334995,0.036667853328586686,0.031683873264506945,0.449626201495194,0.19152723389106444,0.003203987184051264,0.026343894624421504,0.060519757920968316,0.11249555001779993
118,0.004204204204204204,0.09309309309309309,0.037237237237237236,0.03123123123123123,0.43723723723723723,0.17957957957957957,0.007807807807807808,0.025825825825825825,0.05405405405405406,0.12972972972972974
119,0.003369839932603201,0.08677337826453244,0.037910699241786014,0.039595619208087615,0.43302443133951135,0.17775905644481887,0.005897219882055603,0.018534119629317607,0.04717775905644482,0.14995787700084245
120,0.019463087248322148,0.07852348993288591,0.026845637583892617,0.0348993288590604,0.46375838926174495,0.1657718120805369,0.0020134228187919465,0.026845637583892617,0.0476510067114094,0.1342281879194631
121,0.009615384615384616,0.09346153846153846,0.03461538461538462,0.041923076923076924,0.4296153846153846,0.14884615384615385,0.002307692307692308,0.018076923076923077,0.04115384615384615,0.1803846153846154
122,0.008819100881910088,0.09141750914175091,0.03075930307593031,0.03592170359217036,0.41342224134222416,0.1596042159604216,0.001290600129060013,0.01914390191439019,0.04517100451710045,0.19445041944504193
123,0.012688172043010752,0.1032258064516129,0.03354838709677419,0.03096774193548387,0.4313978494623656,0.15397849462365593,0.002150537634408602,0.01935483870967742,0.04645161290322581,0.16623655913978494
124,0.008974964572508267,0.13911195087387812,0.036372224846480866,0.030940009447331128,0.4071799716580066,0.15564478034955126,0.0004723665564478035,0.01983939537080775,0.04983467170524327,0.15162966461974492
125,0.009158679446219382,0.11501597444089456,0.055378061767838126,0.03152289669861555,0.412779552715655,0.15633652822151226,0.0004259850905218317,0.023855165069222577,0.04643237486687966,0.14909478168264112
126,0.008934269304403318,0.1203999149117209,0.036800680706232713,0.031269942565411615,0.396936821952776,0.18251435864709636,0.0014890448840672197,0.021059349074664963,0.048500319081046586,0.1520952988725803
127,0.011305460750853242,0.14462457337883958,0.042662116040955635,0.030290102389078498,0.3877986348122867,0.18792662116040956,0.002559726962457338,0.018558020477815698,0.055034129692832764,0.11924061433447099
128,0.006314312441534144,0.11552853133769879,0.0470065481758653,0.029466791393826006,0.39265668849391955,0.19457436856875585,0.0011693171188026192,0.017539756782039288,0.08068288119738073,0.11506080449017773
129,0.005898545025560362,0.11049941014549744,0.05583955957530476,0.0342115611482501,0.3885174990169092,0.20251671254423909,0.0023594180102241447,0.016122689736531654,0.09123082972866693,0.09280377506881636
130,0.002867383512544803,0.11469534050179211,0.056630824372759854,0.025806451612903226,0.3741935483870968,0.2086021505376344,0.01003584229390681,0.02078853046594982,0.0931899641577061,0.0931899641577061
131,0.0013054830287206266,0.1279373368146214,0.06135770234986945,0.02610966057441253,0.37989556135770236,0.21409921671018275,0.005221932114882507,0.028720626631853787,0.048302872062663184,0.10704960835509138
132,0.0036900369003690036,0.0996309963099631,0.042435424354243544,0.03505535055350553,0.3948339483394834,0.2140221402214022,0.012915129151291513,0.02029520295202952,0.05904059040590406,0.11808118081180811
133,0.004,0.139,0.038,0.034,0.349,0.198,0.01,0.027,0.059,0.142
134,0.001776988005330964,0.1212794313638383,0.043536206130608615,0.02087960906263883,0.406486006219458,0.19413593958240782,0.0026654820079964462,0.02221235006663705,0.05952909817858729,0.12749888938249668
135,0.0030219088390833542,0.12037270209015362,0.04356585243011836,0.03173004281037522,0.3827751196172249,0.1946612943842861,0.0015109544195416771,0.0221606648199446,0.07882145555275749,0.12138000503651473
136,0.004088307440719542,0.12319433088034887,0.03979285908967021,0.035977105478331974,0.41101117470700466,0.1847914963205233,0.0024529844644317253,0.022076860179885527,0.07904061052057781,0.0975742709185064
137,0.00510073960724305,0.12012241775057383,0.04692680438663606,0.03136954858454476,0.396327467482785,0.20428462127008415,0.0022953328232593728,0.02142310635042081,0.0709002805406784,0.10124968120377455
138,0.002320185614849188,0.1424013921113689,0.05626450116009281,0.027552204176334107,0.3616589327146172,0.20968677494199536,0.0026102088167053363,0.024361948955916472,0.08323665893271462,0.08990719257540604
139,0.0021413276231263384,0.11705924339757316,0.05032119914346895,0.028907922912205567,0.371163454675232,0.20092790863668808,0.0024982155603140615,0.02569593147751606,0.11313347608850821,0.0881513204853676
140,0.001569242840329541,0.10553158101216163,0.04746959591996862,0.025892506865437426,0.37583366025892506,0.22126324048646528,0.003530796390741467,0.02000784621420165,0.11808552373479796,0.08081600627697136
141,0.002672367717797969,0.09994655264564405,0.046499198289684664,0.024051309460181722,0.3714591127739177,0.2239444147514698,0.005344735435595938,0.017103153393907,0.1378941742383752,0.07108498129342597
142,0.0008403361344537816,0.11932773109243698,0.06218487394957983,0.0226890756302521,0.3697478991596639,0.21260504201680672,0.010084033613445379,0.02689075630252101,0.11260504201680673,0.06302521008403361
143,0.0,0.08310626702997276,0.04495912806539509,0.035422343324250684,0.3651226158038147,0.27520435967302453,0.008174386920980926,0.01907356948228883,0.09400544959128065,0.07493188010899182
144,0.0015748031496062992,0.08346456692913386,0.05354330708661417,0.028346456692913385,0.43622047244094486,0.2,0.006299212598425197,0.012598425196850394,0.06456692913385827,0.11338582677165354
145,0.005703422053231939,0.10931558935361217,0.04752851711026616,0.0408745247148289,0.4144486692015209,0.18250950570342206,0.0019011406844106464,0.021863117870722433,0.05418250950570342,0.12167300380228137
146,0.0028328611898017,0.09726156751652502,0.04343720491029273,0.02927289896128423,0.4192634560906516,0.1954674220963173,0.002360717658168083,0.018413597733711047,0.06704438149197356,0.12464589235127478
147,0.0031410622501427754,0.11507709880068533,0.04654483152484295,0.029697315819531698,0.3983438035408338,0.1881781838949172,0.003997715591090805,0.02227298686464877,0.0739577384351799,0.11878926327812679
148,0.0025048705816866127,0.12607848594489285,0.04620094628444197,0.03618146395769552,0.4032841636515447,0.16420818257723352,0.003896465349290287,0.020595602560534373,0.08293904814917896,0.11411077094350125
149,0.0025076623014767345,0.11089439955419336,0.04458066313736417,0.03622178879910839,0.4151574254667038,0.18751741432153804,0.0027862914460852605,0.021733073279465033,0.07578712733351908,0.10281415436054611
150,0.0012919896640826874,0.10755813953488372,0.058462532299741604,0.023578811369509043,0.38113695090439276,0.2063953488372093,0.002583979328165375,0.029392764857881136,0.08753229974160207,0.1020671834625323
151,0.0014492753623188406,0.10579710144927536,0.06159420289855073,0.02318840579710145,0.3934782608695652,0.20507246376811594,0.002173913043478261,0.02427536231884058,0.09094202898550724,0.09202898550724638
152,0.0008646779074794639,0.09684392563769996,0.06571552096843926,0.023346303501945526,0.383916990920882,0.1893644617380026,0.0034587116299178555,0.02464332036316472,0.12019022913964549,0.09165585819282317
153,0.002034587995930824,0.08290946083418108,0.07171922685656154,0.018819938962360123,0.3748728382502543,0.1866734486266531,0.004069175991861648,0.0254323499491353,0.1536113936927772,0.07985757884028484
154,0.0026402640264026403,0.09306930693069307,0.0594059405940594,0.0231023102310231,0.3716171617161716,0.1867986798679868,0.007920792079207921,0.02706270627062706,0.12475247524752475,0.10363036303630363
155,0.011603375527426161,0.08438818565400844,0.043248945147679324,0.027426160337552744,0.3860759493670886,0.22679324894514769,0.004219409282700422,0.017932489451476793,0.05907172995780591,0.13924050632911392
156,0.006519967400162999,0.08883455582722087,0.04645476772616137,0.032599837000814993,0.43357783211083945,0.19070904645476772,0.0024449877750611247,0.022004889975550123,0.059494702526487364,0.11735941320293398
157,0.009032743695897629,0.10350018818216034,0.03312006021829131,0.030109145652992095,0.41889348889725253,0.1840421528039142,0.0026345502446368085,0.024087316522393678,0.05344373353406097,0.14113662024840046
158,0.007293007293007293,0.09673959673959674,0.04483054483054483,0.03324753324753325,0.4084084084084084,0.1668811668811669,0.002145002145002145,0.01909051909051909,0.054268554268554266,0.1670956670956671
159,0.0090595340811044,0.0992234685073339,0.034296807592752374,0.037748058671268334,0.4040120793787748,0.1635030198446937,0.0006471095772217428,0.023080241587575497,0.05996548748921484,0.1684641932700604
160,0.012296051075904469,0.12650744856940174,0.04303617876566564,0.032868290375975405,0.38756207141168125,0.15559233861432964,0.0004729250413809411,0.019862851737999527,0.05438637975880823,0.16741546464885315
161,0.010843634786380394,0.12708739969637822,0.03274777705486879,0.03643461288223813,0.4092387768379961,0.14682281500759053,0.00021687269572760788,0.01734981565820863,0.05877250054218174,0.16048579483842984
162,0.010124446319341911,0.11537650284750053,0.04619278633199747,0.023412782113478168,0.4161569289179498,0.16515503058426492,0.0008437038599451593,0.02193630035857414,0.052731491246572455,0.14807002742037545
163,0.006975269499048827,0.12766856901289367,0.03508771929824561,0.027478334390192347,0.404142887338829,0.1627562883111393,0.0004227436060029592,0.025153244557176074,0.05939547664341577,0.15091946734305645
164,0.0062269372693726935,0.11023985239852399,0.03874538745387454,0.03620848708487085,0.4183579335793358,0.16397601476014761,0.00023062730627306272,0.02606088560885609,0.07149446494464945,0.12845940959409594
165,0.0014503263234227702,0.09970993473531545,0.0438723712835388,0.0340826686004351,0.4031907179115301,0.17693981145757795,0.0010877447425670776,0.024655547498187092,0.0826686004350979,0.13234227701232779
166,0.0012048192771084338,0.09578313253012048,0.06927710843373494,0.028313253012048192,0.3602409638554217,0.20421686746987952,0.0024096385542168677,0.02650602409638554,0.06807228915662651,0.14397590361445783
167,0.0026064291920069507,0.07558644656820157,0.051259774109470024,0.03388357949609035,0.3961772371850565,0.22762814943527368,0.0,0.03301476976542137,0.05473501303214596,0.12510860121633363
168,0.0074794315632011965,0.08451757666417352,0.05385190725504862,0.033657442034405384,0.4195961106955871,0.1682872101720269,0.0014958863126402393,0.02468212415856395,0.04338070306656694,0.1630516080777861
169,0.013167259786476869,0.08790035587188612,0.03701067615658363,0.03345195729537367,0.42633451957295376,0.15871886120996442,0.0007117437722419929,0.02704626334519573,0.038434163701067614,0.17722419928825622
170,0.009012875536480686,0.09399141630901288,0.0407725321888412,0.03733905579399142,0.38583690987124464,0.17081545064377682,0.0006437768240343348,0.022532188841201718,0.03969957081545064,0.19935622317596566
171,0.011094516748453168,0.10475784083635588,0.037123959889054835,0.033283550245359506,0.40004267121826326,0.1657776829528483,0.0008534243652656284,0.024749306592703222,0.04608491572434393,0.17623213142735225
172,0.01090305759658687,0.11637828869400332,0.03176108082484001,0.03484237971083195,0.4109978667930789,0.1566721972031287,0.00023702299123014932,0.026072529035316427,0.05356719601801375,0.1585683811329699
173,0.0069899519440803845,0.12931411096548712,0.033202271734381825,0.03713411970292704,0.40956749672346004,0.15683704674530363,0.00021843599825251202,0.023591087811271297,0.04019222367846221,0.16295325469637395
174,0.007380851961197807,0.11978068325601013,0.03289751159848165,0.0322648671446647,0.4124841838886546,0.17671868409953606,0.00021088148460565162,0.01982285955293125,0.04301982285955293,0.15541965415436523
175,0.008512449457331346,0.12938923175143646,0.04703128325175569,0.0429878697595233,0.3805064907427112,0.17961268354969143,0.00021281123643328368,0.026388593317727176,0.04745690572462226,0.13790168120876783
176,0.0056457304163726185,0.09785932721712538,0.04069630675135262,0.03387438249823571,0.42836979534227243,0.19054340155257588,0.0,0.017642907551164433,0.051046812514702423,0.13432133615619854
177,0.0029940119760479044,0.09206586826347306,0.045284431137724554,0.033682634730538924,0.41392215568862273,0.17964071856287425,0.00037425149700598805,0.030688622754491017,0.06848802395209581,0.13285928143712575
178,0.003787878787878788,0.08603896103896104,0.05303030303030303,0.03192640692640693,0.4015151515151515,0.1856060606060606,0.003246753246753247,0.02922077922077922,0.07521645021645022,0.13041125541125542
179,0.0035587188612099642,0.07562277580071175,0.04893238434163701,0.03202846975088968,0.3994661921708185,0.21619217081850534,0.008896797153024912,0.030249110320284697,0.04448398576512456,0.14056939501779359
180,0.0035310734463276836,0.09110169491525423,0.0423728813559322,0.03954802259887006,0.4096045197740113,0.18008474576271186,0.0035310734463276836,0.016242937853107344,0.05155367231638418,0.16242937853107345
181,0.00944424264438794,0.09662186705412278,0.041409371594624045,0.04794769342535416,0.3966581910642935,0.16636396658191063,0.0025426807119505995,0.020341445695604796,0.05303305484925536,0.16563748637849618
182,0.007030251384746485,0.10055389859394973,0.030890498508734553,0.03706859821048147,0.4024286322965488,0.17064337452066466,0.0017043033659991478,0.018747337025990626,0.0524073285044738,0.17852577758841073
183,0.0074309978768577496,0.09660297239915075,0.03248407643312102,0.04522292993630573,0.4123142250530786,0.1535031847133758,0.005307855626326964,0.020806794055201697,0.04543524416135881,0.18089171974522292
184,0.009699769053117783,0.11339491916859122,0.03279445727482679,0.042263279445727484,0.4161662817551963,0.1489607390300231,0.0013856812933025404,0.021247113163972285,0.04595842956120092,0.16812933025404156
185,0.009082440614811364,0.11644154634373545,0.03306939916162087,0.03586399627387052,0.4280391243595715,0.14578481602235677,0.0009315323707498836,0.019329296693060084,0.051467163483931065,0.1599906846762925
186,0.009865659109991603,0.11209068010075567,0.05247691015952981,0.035684298908480266,0.40134340890008396,0.15512174643157012,0.0041981528127623844,0.019731318219983206,0.04974811083123426,0.15973971452560873
187,0.010219288907813498,0.11049606131573345,0.049393229721098574,0.03896103896103896,0.4079199489035555,0.1622312114115393,0.0029806259314456036,0.021715988929103685,0.04854162231211412,0.14754098360655737
188,0.006149791346365034,0.10981770261366132,0.04810015374478366,0.03184713375796178,0.39292773995168023,0.1970129584889084,0.000658906215681968,0.019547551065231716,0.059740830221831756,0.13419723259389413
189,0.0042583392476933995,0.08836053938963805,0.06422995031937544,0.039389638041163945,0.4205110007097232,0.17530163236337828,0.00319375443577005,0.021646557842441447,0.07381121362668559,0.10929737402413059
190,0.003703703703703704,0.0728395061728395,0.06419753086419754,0.033950617283950615,0.4067901234567901,0.17962962962962964,0.013580246913580247,0.016049382716049384,0.07901234567901234,0.13024691358024693
191,0.0069084628670120895,0.08808290155440414,0.04835924006908463,0.03281519861830743,0.3946459412780656,0.18307426597582038,0.006044905008635579,0.016407599309153715,0.07944732297063903,0.14421416234887738
192,0.00870195794053662,0.09644670050761421,0.04060913705583756,0.02973168963016679,0.4517766497461929,0.15736040609137056,0.00435097897026831,0.028281363306744016,0.04423495286439449,0.13850616388687453
193,0.014663805436337626,0.09763948497854077,0.04935622317596566,0.03862660944206009,0.41487839771101576,0.14628040057224606,0.000715307582260372,0.022174535050071532,0.044349070100143065,0.1713161659513591
194,0.008387096774193548,0.08903225806451613,0.03913978494623656,0.035483870967741936,0.4156989247311828,0.15440860215053764,0.002150537634408602,0.016774193548387096,0.05268817204301075,0.18623655913978496
